WavwNum_Corundum,value_Corundum
100.0,0.0
147.6079,0.0
148.0901,5.5625
148.5722,10.19238
149.0543,12.61133
149.5364,8.908203
150.0185,4.577148
150.5006,1.544922
150.9828,0.441406
151.4649,8.311523
151.947,24.35742
152.4291,45.79785
152.9112,83.50684
153.3933,120.751
153.8755,146.4023
154.3576,149.7236
154.8397,150.5127
155.3218,152.0488
155.8039,154.3018
156.286,157.8652
156.7682,170.6006
157.2503,182.5898
157.7324,187.8516
158.2145,156.8252
158.6966,121.4541
159.1787,98.94824
159.6609,80.54199
160.143,99.74121
160.6251,207.6689
161.1072,361.1631
161.5893,467.5811
162.0714,480.3438
162.5536,442.2422
163.0357,379.0527
163.5178,263.998
163.9999,163.5781
164.482,119.9023
164.9641,124.5078
165.4463,130.3066
165.9284,113.6445
166.4105,83.96387
166.8926,53.74023
167.3747,16.83301
167.8568,9.709961
168.339,9.775391
168.8211,17.86328
169.3032,49.25
169.7853,75.41309
170.2674,88.29004
170.7495,92.82617
171.2317,85.75293
171.7138,71.74219
172.1959,54.62695
172.678,33.02051
173.1601,17.80762
173.6422,22.1582
174.1244,40.25684
174.6065,57.93262
175.0886,72.4043
175.5707,76.08496
176.0528,73.76172
176.5349,59.8877
177.0171,50.6543
177.4992,72.0498
177.9813,119.5879
178.4634,164.251
178.9455,189.3115
179.4276,194.5439
179.9098,179.1631
180.3919,131.1162
180.874,79.74414
181.3561,43.80469
181.8382,36.41895
182.3203,40.79102
182.8025,45.66211
183.2846,35.55176
183.7667,30.64746
184.2488,33.09668
184.7309,44.9541
185.213,80.99023
185.6951,149.3535
186.1773,214.251
186.6594,220.0537
187.1415,172.1377
187.6236,122.457
188.1057,97.33203
188.5878,93.87891
189.07,98.46387
189.5521,114.5957
190.0342,129.5771
190.5163,106.8818
190.9984,44.52539
191.4805,1.681641
191.9627,29.84961
192.4448,130.1357
192.9269,187.3027
193.409,169.6396
193.8911,104.0049
194.3732,71.94922
194.8554,78.71582
195.3375,98.94727
195.8196,110.001
196.3017,114.2178
196.7838,112.1221
197.2659,101.8789
197.7481,85.26367
198.2302,69.22363
198.7123,50.40723
199.1944,42.84082
199.6765,79.75684
200.1586,172.1885
200.6408,227.5391
201.1229,193.9121
201.605,69.58008
202.0871,1.828125
202.5692,9.005859
203.0513,19.80176
203.5335,39.51367
204.0156,49.63965
204.4977,55.55957
204.9798,58.6709
205.4619,59.54785
205.944,60.11816
206.4262,58.28613
206.9083,57.32129
207.3904,69.02832
207.8725,99.36816
208.3546,125.4902
208.8367,132.1396
209.3189,114.0088
209.801,98.22656
210.2831,87.32031
210.7652,80.45898
211.2473,75.97266
211.7294,78.54785
212.2116,74.84863
212.6937,47.53809
213.1758,19.7959
213.6579,55.07129
214.14,37.62695
214.6221,28.31836
215.1043,77.00391
215.5864,111.7988
216.0685,126.1875
216.5506,104.9824
217.0327,23.99902
217.5148,29.99805
217.997,29.62598
218.4791,29.24512
218.9612,67.31836
219.4433,74.83789
219.9254,70.42871
220.4075,78.92871
220.8897,106.1494
221.3718,133.46
221.8539,156.5371
222.336,177.6289
222.8181,182.5156
223.3002,160.8623
223.7824,129.2207
224.2645,120.8408
224.7466,153.6562
225.2287,178.6924
225.7108,172.2363
226.1929,115.1426
226.675,84.56836
227.1572,86.48145
227.6393,112.5098
228.1214,144.7549
228.6035,194.2041
229.0856,235.3408
229.5677,250.0947
230.0499,222.666
230.532,207.2178
231.0141,210.3223
231.4962,227.4355
231.9783,240.7002
232.4604,252.8311
232.9426,256.9971
233.4247,247.3457
233.9068,214.2217
234.3889,187.085
234.871,168.8623
235.3531,159.1377
235.8353,155.0898
236.3174,161.7305
236.7995,168.6621
237.2816,167.6064
237.7637,153.6143
238.2458,141.1572
238.728,130.0596
239.2101,120.5029
239.6922,125.3633
240.1743,163.8359
240.6564,197.7295
241.1385,185.6172
241.6207,84.37598
242.1028,13.22852
242.5849,0.682617
243.067,47.0957
243.5491,100.2725
244.0313,168.5352
244.5134,233.7627
244.9955,273.0615
245.4776,271.1934
245.9597,270.5879
246.4418,288.2383
246.924,333.8867
247.4061,339.2646
247.8882,282.8799
248.3703,202.1299
248.8524,152.1953
249.3345,142.5254
249.8167,145.5518
250.2988,152.8174
250.7809,162.6621
251.263,167.7197
251.7451,166.2539
252.2272,161.71
252.7094,160.5488
253.1915,163.623
253.6736,168.4951
254.1557,173.625
254.6378,176.5146
255.1199,189.46
255.6021,226.6602
256.0842,267.3506
256.5663,259.4521
257.0484,164.6172
257.5305,80.00586
258.0126,57.0293
258.4948,126.9639
258.9769,171.9072
259.459,181.332
259.9411,164.5918
260.4232,159.959
260.9053,177.3271
261.3875,193.1855
261.8696,194.5244
262.3517,175.376
262.8338,159.4209
263.3159,145.2041
263.798,138.1035
264.2802,151.251
264.7623,188.4531
265.2444,222.6904
265.7265,244.2217
266.2086,252.4951
266.6907,251.0889
267.1729,231.5918
267.655,202.9834
268.1371,205.4004
268.6192,252.5566
269.1013,299.4736
269.5834,309.7598
270.0656,272.2031
270.5477,250.4697
271.0298,257.1973
271.5119,282.4326
271.994,284.1221
272.4761,256.0508
272.9583,224.8213
273.4404,213.9932
273.9225,228.0342
274.4046,238.3838
274.8867,240.6934
275.3688,233.8594
275.851,224.5908
276.3331,216.5557
276.8152,203.3486
277.2973,175.0371
277.7794,128.1855
278.2615,99.47559
278.7437,100.4189
279.2258,124.3232
279.7079,138.9277
280.19,141.1133
280.6721,146.1982
281.1542,178.6396
281.6364,240.9619
282.1185,270.6279
282.6006,239.958
283.0827,169.5117
283.5648,153.7822
284.0469,203.6396
284.5291,251.5615
285.0112,216.5928
285.4933,102.083
285.9754,16.28613
286.4575,6.939453
286.9396,16.93945
287.4217,40.76855
287.9038,65.49023
288.386,85.20801
288.8681,91.07129
289.3502,84.3457
289.8323,79.02539
290.3144,78.47949
290.7965,81.79199
291.2787,85.59277
291.7608,89.60938
292.2429,97.45703
292.725,122.252
293.2071,158.0762
293.6892,174.1602
294.1714,150.9502
294.6535,106.1035
295.1356,77.89941
295.6177,67.04102
296.0998,61.57617
296.5819,49.69531
297.0641,33.91699
297.5462,22.21777
298.0283,16.85938
298.5104,17.46973
298.9925,27.88086
299.4746,48.01465
299.9568,62.79199
300.4389,53.31836
300.921,30.38672
301.4031,14.68262
301.8852,14.13379
302.3673,23.92676
302.8495,43.79102
303.3316,72.95703
303.8137,95.83789
304.2958,99.79492
304.7779,88.17773
305.26,66.59668
305.7422,23.56055
306.2243,19.875
306.7064,48.56543
307.1885,62.27734
307.6706,51.35156
308.1527,14.26367
308.6349,103.8369
309.117,173.2949
309.5991,213.7217
310.0812,224.1943
310.5633,188.1963
311.0454,109.0352
311.5276,43.7207
312.0097,44.3623
312.4918,71.34863
312.9739,80.5625
313.456,27.23438
313.9381,23.89746
314.4203,28.30371
314.9024,10.09375
315.3845,40.04199
315.8666,23.32715
316.3487,6.3125
316.8308,17.94531
317.313,13.69336
317.7951,49.87207
318.2772,80.23145
318.7593,104.0869
319.2414,114.0928
319.7235,106.498
320.2057,84.80273
320.6878,51.82812
321.1699,29.46289
321.652,83.64453
322.1341,74.01465
322.6162,7.859375
323.0984,39.00488
323.5805,23.91992
324.0626,1.611328
324.5447,9.018555
325.0268,110.083
325.5089,176.3682
325.9911,172.7256
326.4732,106.4131
326.9553,58.13281
327.4374,37.55273
327.9195,32.43555
328.4016,35.43945
328.8838,53.16602
329.3659,70.19531
329.848,87.33008
330.3301,103.4004
330.8122,112.1211
331.2943,105.2461
331.7765,99.06348
332.2586,103.5225
332.7407,128.3955
333.2228,144.9746
333.7049,139.6221
334.187,124.4531
334.6692,153.999
335.1513,255.0273
335.6334,358.7822
336.1155,432.4033
336.5976,483.1758
337.0797,479.0625
337.5619,398.7969
338.044,270.8975
338.5261,179.7227
339.0082,132.0615
339.4903,100.375
339.9724,70.58203
340.4546,41.63477
340.9367,21.26953
341.4188,9.771484
341.9009,7.045898
342.383,18.71973
342.8651,47.43457
343.3473,67.04004
343.8294,57.23535
344.3115,20.69824
344.7936,5.746094
345.2757,20.22754
345.7578,26.55566
346.24,31.82617
346.7221,35.62207
347.2042,31.28613
347.6863,15.82031
348.1684,10.39551
348.6505,51.0459
349.1327,109.9932
349.6148,166.71
350.0969,196.4141
350.579,202.3789
351.0611,197.9033
351.5432,185.3711
352.0254,167.0996
352.5075,141.0859
352.9896,105.3857
353.4717,81.17188
353.9538,96.24902
354.4359,136.7627
354.9181,174.9199
355.4002,206.2568
355.8823,225.9482
356.3644,226.4727
356.8465,208.1553
357.3286,185.3613
357.8108,165.2148
358.2929,146.6211
358.775,127.79
359.2571,95.08691
359.7392,73.20898
360.2213,79.2334
360.7035,111.8818
361.1856,150.7949
361.6677,215.7334
362.1498,268.7686
362.6319,277.9434
363.114,157.7451
363.5962,69.80078
364.0783,75.69141
364.5604,163.2588
365.0425,243.8164
365.5246,309.793
366.0067,359.9307
366.4889,388.4639
366.971,358.2012
367.4531,348.5537
367.9352,381.8193
368.4173,446.1074
368.8994,488.3096
369.3815,478.8389
369.8636,471.8584
370.3458,490.7012
370.8279,549.1729
371.31,609.4375
371.7921,664.7148
372.2742,723.0117
372.7563,800.6602
373.2385,891.0547
373.7206,1004.673
374.2027,1141.358
374.6848,1296.44
375.1669,1488.553
375.649,1700.198
376.1312,1964.042
376.6133,2345.514
377.0954,2860.681
377.5775,3440.573
378.0596,4152.354
378.5417,4972.203
379.0239,5492.058
379.506,5708.584
379.9881,5622.719
380.4702,5128.184
380.9523,4232.228
381.4344,3346.174
381.9166,2556.62
382.3987,1887.089
382.8808,1372.581
383.3629,1020.231
383.845,771.25
384.3271,601.7393
384.8093,497.3145
385.2914,419.8311
385.7735,363.8193
386.2556,324.0771
386.7377,289.1025
387.2198,261.3164
387.702,259.7295
388.1841,342.5625
388.6662,446.2959
389.1483,481.749
389.6304,399.292
390.1125,288.9238
390.5947,206.0869
391.0768,147.9199
391.5589,107.4834
392.041,92.2373
392.5231,86.71973
393.0052,79.11426
393.4874,64.63867
393.9695,54.97559
394.4516,54.00293
394.9337,60.69434
395.4158,73.26367
395.8979,97.43555
396.3801,121.5674
396.8622,137.0801
397.3443,136.1055
397.8264,151.8174
398.3085,211.9131
398.7906,282.4912
399.2728,321.9004
399.7549,288.9482
400.237,270.4619
400.7191,279.4922
401.2012,316.4775
401.6833,380.4707
402.1655,477.9453
402.6476,595.2959
403.1297,724.9922
403.6118,881.3428
404.0939,1016.809
404.576,1119.449
405.0582,1195.382
405.5403,1268.695
406.0224,1333.743
406.5045,1408.488
406.9866,1503.413
407.4688,1618.332
407.9509,1757.076
408.433,1921.786
408.9151,2109.146
409.3972,2304.601
409.8793,2506.97
410.3615,2749.766
410.8436,3049.976
411.3257,3408.601
411.8078,3805.238
412.2899,4228.275
412.772,4747.295
413.2542,5359.121
413.7363,6112.156
414.2184,7169.598
414.7005,8577.298
415.1826,10331.74
415.6647,12552.17
416.1469,15228.33
416.629,17939.61
417.1111,21247.6
417.5932,24160.82
418.0753,25296.05
418.5574,23358.24
419.0396,20320.38
419.5217,16611.08
420.0038,12431.25
420.4859,8862.12
420.968,6468.629
421.4501,4770.164
421.9323,3506.564
422.4144,2788.449
422.8965,2237.34
423.3786,1814.276
423.8607,1510.899
424.3428,1296.556
424.825,1213.655
425.3071,1178.251
425.7892,1164.03
426.2713,1172.754
426.7534,1196.51
427.2355,1220.463
427.7177,1268.43
428.1998,1383.412
428.6819,1601.711
429.164,1805.684
429.6461,1976.864
430.1282,2111.602
430.6104,2170.274
431.0925,2149.401
431.5746,2059.837
432.0567,1888.872
432.5388,1633.521
433.0209,1400.206
433.5031,1212.745
433.9852,1060.249
434.4673,918.4678
434.9494,787.8809
435.4315,653.2275
435.9136,479.7197
436.3958,295.4355
436.8779,176.7998
437.36,145.3232
437.8421,155.376
438.3242,170.3467
438.8063,188.4141
439.2885,204.1982
439.7706,203.1973
440.2527,205.5107
440.7348,242.5
441.2169,322.334
441.699,373.8916
442.1812,332.0938
442.6633,248.1309
443.1454,182.6328
443.6275,154.8711
444.1096,147.8975
444.5917,166.6777
445.0739,208.3223
445.556,236.4219
446.0381,233.6436
446.5202,221.9395
447.0023,214.1201
447.4844,204.3223
447.9666,207.0703
448.4487,218.7305
448.9308,243.4756
449.4129,302.0449
449.895,443.416
450.3771,536.0518
450.8593,510.1816
451.3413,336.2744
451.8235,222.4902
452.3056,185.793
452.7877,184.1689
453.2698,152.4863
453.7519,87.28516
454.234,51.28516
454.7162,81.58203
455.1983,152.043
455.6804,154.8047
456.1625,86.1582
456.6446,9.542969
457.1267,27.32812
457.6089,30.71484
458.091,15.84473
458.5731,22.9043
459.0552,62.46582
459.5373,73.49902
460.0194,61.49512
460.5016,44.70312
460.9837,25.63672
461.4658,11.09668
461.9479,11.5957
462.43,32.45312
462.9121,45.09863
463.3943,26.58496
463.8764,3.353516
464.3585,25.61328
464.8406,31.00195
465.3227,31.69434
465.8048,32.64551
466.287,33.98535
466.7691,29.40332
467.2512,13.06836
467.7333,6.450195
468.2154,23.98145
468.6975,44.7832
469.1797,56.58984
469.6618,57.02539
470.1439,49.93945
470.626,48.91113
471.1081,64.7959
471.5902,73.5498
472.0724,60.5127
472.5545,23.44531
473.0366,1.407227
473.5187,3.477539
474.0008,1.02832
474.4829,10.77734
474.9651,24.67383
475.4472,27.52246
475.9293,8.095703
476.4114,20.2666
476.8935,29.82324
477.3756,21.31152
477.8578,6.529297
478.3399,8.257813
478.822,23.46094
479.3041,41.24512
479.7862,65.79883
480.2683,83.77832
480.7505,74.125
481.2326,50.54102
481.7147,41.82129
482.1968,84.88086
482.6789,124.7949
483.161,124.4258
483.6432,74.40039
484.1253,42.90332
484.6074,63.48047
485.0895,100.8633
485.5716,124.6289
486.0537,126.1621
486.5359,120.0215
487.018,102.7754
487.5001,78.1543
487.9822,63.48242
488.4643,60.30566
488.9464,64.9707
489.4286,78.3584
489.9107,103.5244
490.3928,123.2959
490.8749,141.1162
491.357,148.0537
491.8391,122.5293
492.3213,65.19141
492.8034,18.67969
493.2855,1.200195
493.7676,0.507813
494.2497,20.31348
494.7318,57.53809
495.214,84.82617
495.6961,62.4248
496.1782,18.13672
496.6603,4.020508
497.1424,43.08496
497.6245,86.81738
498.1067,94.37012
498.5888,77.03418
499.0709,61.67188
499.553,56.45508
500.0351,58.39551
500.5172,67.58008
500.9994,84.47949
501.4815,99.91602
501.9636,115.0391
502.4457,125.3643
502.9278,127.1826
503.4099,105.9824
503.8921,95.05176
504.3742,105.541
504.8563,129.8906
505.3384,133.207
505.8205,103.4443
506.3026,77.24023
506.7848,78.31934
507.2669,114.2686
507.749,123.6367
508.2311,101.5049
508.7132,65.06152
509.1953,28.58691
509.6775,6.380859
510.1596,20.14648
510.6417,6.953125
511.1238,49.87891
511.6059,50.57324
512.088,12.96387
512.5701,15.02832
513.0522,4.788086
513.5344,35.89551
514.0165,110.2354
514.4986,241.3418
514.9807,337.0
515.4628,318.3086
515.9449,230.2197
516.4271,148.502
516.9092,88.22949
517.3913,47.9668
517.8734,32.56836
518.3555,43.09375
518.8376,55.30762
519.3198,85.30566
519.8019,103.248
520.284,87.08789
520.7661,0.583008
521.2482,46.51562
521.7303,36.28516
522.2125,7.691406
522.6946,36.44922
523.1767,49.62988
523.6588,50.06445
524.1409,29.55469
524.623,6.051758
525.1052,5.87793
525.5873,34.87695
526.0694,71.64551
526.5515,34.87988
527.0336,41.12695
527.5157,51.67871
527.9979,54.72949
528.48,174.748
528.9621,197.1084
529.4442,145.6826
529.9263,90.35352
530.4084,53.76758
530.8906,36.44824
531.3727,43.98535
531.8548,79.0957
532.3369,111.6787
532.819,130.0791
533.3011,144.085
533.7833,160.6787
534.2654,188.0693
534.7475,200.5186
535.2296,190.5947
535.7117,165.9912
536.1938,152.5439
536.676,152.9814
537.1581,154.0322
537.6402,148.7725
538.1223,135.9463
538.6044,142.9395
539.0865,178.2012
539.5687,209.292
540.0508,184.835
540.5329,114.4404
541.015,72.52637
541.4971,91.61035
541.9792,131.2139
542.4614,115.3994
542.9435,57.77148
543.4256,21.45215
543.9077,77.6875
544.3898,154.2627
544.8719,174.5771
545.3541,122.5205
545.8362,72.12988
546.3183,57.19434
546.8004,65.21289
547.2825,80.2793
547.7646,111.6807
548.2468,129.0752
548.7289,120.5068
549.211,92.98242
549.6931,74.01465
550.1752,63.36328
550.6573,59.77148
551.1395,63.41699
551.6216,77.94336
552.1037,108.7061
552.5858,155.7197
553.0679,196.1504
553.55,194.9717
554.0322,154.2607
554.5143,119.5352
554.9964,101.4854
555.4785,95.14355
555.9606,96.48242
556.4427,103.7637
556.9249,106.3525
557.407,91.0498
557.8891,71.3291
558.3712,59.46973
558.8533,55.8916
559.3354,67.05176
559.8176,111.4756
560.2997,165.7012
560.7818,206.0703
561.2639,226.4004
561.746,231.332
562.2281,211.9346
562.7103,176.6719
563.1924,153.541
563.6745,134.7256
564.1566,132.7793
564.6387,156.0859
565.1208,208.2197
565.603,264.0801
566.0851,334.2656
566.5672,383.7061
567.0493,361.8203
567.5314,272.2861
568.0135,202.1807
568.4957,174.0684
568.9778,167.4189
569.4599,144.8926
569.942,113.8271
570.4241,104.6719
570.9063,162.4395
571.3884,236.0811
571.8705,265.1855
572.3526,247.25
572.8347,244.6826
573.3168,294.7188
573.799,371.6807
574.2811,454.3623
574.7632,557.9189
575.2453,640.8252
575.7274,672.5156
576.2095,683.9854
576.6917,741.8584
577.1738,909.9648
577.6559,1018.722
578.138,1011.794
578.6201,894.9209
579.1022,762.6602
579.5844,612.4814
580.0665,474.4014
580.5486,368.7754
581.0307,292.0557
581.5128,228.167
581.9949,176.0176
582.4771,132.7109
582.9592,101.9824
583.4413,80.2334
583.9234,55.49121
584.4055,1.108398
584.8876,46.25
585.3698,24.89062
585.8519,54.21484
586.334,113.6572
586.8161,111.3291
587.2982,88.52344
587.7803,65.22656
588.2625,37.92676
588.7446,25.97266
589.2267,46.30859
589.7088,71.25098
590.1909,65.24219
590.673,4.701172
591.1552,18.46484
591.6373,27.29102
592.1194,110.0625
592.6015,125.3691
593.0836,68.62012
593.5657,18.49121
594.0479,28.28223
594.53,75.61426
595.0121,98.41699
595.4942,94.66797
595.9763,86.68945
596.4584,87.93164
596.9406,97.81543
597.4227,116.5684
597.9048,148.4922
598.3869,181.5498
598.869,214.8574
599.3511,244.9785
599.8333,266.1104
600.3154,297.7656
600.7975,297.8945
601.2796,238.5107
601.7617,123.1719
602.2438,55.61426
602.726,57.72363
603.2081,70.68066
603.6902,51.82715
604.1723,3.303711
604.6544,25.67188
605.1365,5.459961
605.6187,28.59277
606.1008,35.55566
606.5829,22.16602
607.065,18.03418
607.5471,46.51855
608.0292,72.87793
608.5114,32.42773
608.9935,51.19727
609.4756,94.19824
609.9577,2.527344
610.4398,105.0049
610.9219,149.75
611.4041,115.9873
611.8862,87.84668
612.3683,81.25879
612.8504,86.65723
613.3325,93.99707
613.8146,84.01172
614.2968,123.0234
614.7789,251.0371
615.261,398.1436
615.7431,405.123
616.2252,256.4424
616.7073,124.585
617.1895,76.86914
617.6716,88.46191
618.1537,102.1025
618.6358,116.8516
619.1179,116.416
619.6,68.87988
620.0822,9.219727
620.5643,17.79004
621.0464,3.072266
621.5285,23.28027
622.0106,56.23828
622.4927,87.24902
622.9749,106.9229
623.457,106.0488
623.9391,102.0605
624.4212,81.83691
624.9033,61.46777
625.3854,89.89355
625.8676,197.8701
626.3497,285.3623
626.8318,311.709
627.3139,283.6309
627.796,258.6875
628.2781,233.959
628.7603,236.0361
629.2424,314.2471
629.7245,434.3447
630.2066,502.0986
630.6887,496.5283
631.1708,480.2725
631.653,506.582
632.1351,559.1973
632.6172,613.8398
633.0993,657.0576
633.5814,706.7129
634.0635,771.8525
634.5457,847.8916
635.0278,921.0342
635.5099,965.6826
635.992,1035.259
636.4741,1153.645
636.9562,1325.777
637.4384,1474.681
637.9205,1591.39
638.4026,1714.863
638.8847,1879.732
639.3668,2080.923
639.8489,2278.898
640.3311,2462.322
640.8132,2663.651
641.2953,2940.35
641.7774,3264.592
642.2595,3581.549
642.7416,3879.675
643.2238,4146.135
643.7059,4395.894
644.188,4609.15
644.6701,4739.174
645.1522,4767.893
645.6343,4702.868
646.1165,4527.762
646.5986,4233.645
647.0807,3943.048
647.5628,3660.754
648.0449,3370.275
648.527,3050.032
649.0092,2696.338
649.4913,2365.778
649.9734,2053.652
650.4555,1776.122
650.9376,1561.635
651.4197,1399.225
651.9019,1261.6
652.384,1141.731
652.8661,1038.925
653.3482,960.1816
653.8303,899.1836
654.3124,837.4551
654.7946,755.668
655.2767,680.1787
655.7588,622.3193
656.2409,582.998
656.723,558.9189
657.2051,568.0908
657.6872,571.835
658.1693,544.3389
658.6514,476.8965
659.1335,419.127
659.6157,374.0859
660.0978,334.1387
660.5799,282.4316
661.062,225.0801
661.5441,197.7236
662.0262,218.9424
662.5084,256.665
662.9905,282.4424
663.4726,296.4482
663.9547,297.1064
664.4368,269.0107
664.9189,239.6201
665.4011,223.124
665.8832,219.1582
666.3653,219.0576
666.8474,218.5527
667.3295,218.0146
667.8116,229.7129
668.2938,258.501
668.7759,249.2549
669.258,188.5352
669.7401,119.125
670.2222,89.56641
670.7043,96.5791
671.1865,105.4521
671.6686,112.833
672.1507,113.8877
672.6328,96.51758
673.1149,68.1543
673.597,46.05078
674.0792,42.50781
674.5613,43.38086
675.0434,31.52344
675.5255,13.66602
676.0076,24.4668
676.4897,120.4023
676.9719,198.6738
677.454,210.2363
677.9361,146.3848
678.4182,113.4551
678.9003,126.5801
679.3824,143.9883
679.8646,122.5371
680.3467,66.54492
680.8288,35.91211
681.3109,37.33789
681.793,59.01172
682.2751,107.1602
682.7573,163.3477
683.2394,190.8965
683.7215,161.5508
684.2036,121.3242
684.6857,90.35742
685.1678,68.56055
685.65,54.73633
686.1321,45.76172
686.6142,49.49805
687.0963,78.23438
687.5784,126.3828
688.0605,140.0215
688.5427,108.7715
689.0248,69.32422
689.5069,41.00586
689.989,22.7207
690.4711,1.019531
690.9532,31.65625
691.4354,54.65234
691.9175,51.51953
692.3996,33.45898
692.8817,18.58984
693.3638,11.52734
693.8459,4.046875
694.3281,17.05078
694.8102,38.90039
695.2923,44.07422
695.7744,0.748047
696.2565,23.9082
696.7386,2.966797
697.2208,42.28516
697.7029,58.93945
698.185,41.0
698.6671,14.375
699.1492,20.33594
699.6313,54.41797
700.1135,44.55664
700.5956,6.125
701.0777,44.66797
701.5598,7.494141
702.0419,48.65234
702.524,44.83203
703.0062,27.67578
703.4883,94.1543
703.9704,115.1621
704.4525,117.3691
704.9346,122.2168
705.4167,147.6016
705.8989,145.6836
706.381,90.16211
706.8631,30.37109
707.3452,37.52148
707.8273,126.6777
708.3094,180.5332
708.7916,170.207
709.2737,129.8828
709.7558,120.1426
710.2379,134.9199
710.72,149.3848
711.2021,151.0391
711.6843,148.3398
712.1664,153.1719
712.6485,161.2402
713.1306,154.4863
713.6127,95.48242
714.0948,46.88672
714.577,47.79883
715.0591,102.5684
715.5412,124.8867
716.0233,96.36328
716.5054,67.29883
716.9875,78.15625
717.4697,128.3379
717.9518,155.4824
718.4339,155.3809
718.916,140.3398
719.3981,105.9902
719.8802,69.24219
720.3624,68.48047
720.8445,130.7988
721.3266,188.002
721.8087,181.502
722.2908,148.1855
722.7729,140.9668
723.2551,216.0508
723.7372,262.0156
724.2193,252.5781
724.7014,205.9648
725.1835,169.3145
725.6656,140.5859
726.1478,129.0508
726.6299,144.7168
727.112,176.3418
727.5941,190.6328
728.0762,188.7324
728.5583,181.9453
729.0405,176.7305
729.5226,171.0059
730.0047,163.5957
730.4868,154.6855
730.9689,142.6797
731.451,135.1445
731.9332,119.3633
732.4153,83.92969
732.8974,16.60156
733.3795,36.08008
733.8616,85.59961
734.3438,101.7598
734.8259,27.85156
735.308,133.1152
735.7901,224.0215
736.2722,211.3262
736.7543,164.5137
737.2365,164.9648
737.7186,196.7617
738.2007,227.6836
738.6828,240.5996
739.1649,256.6992
739.647,289.8711
740.1292,333.7969
740.6113,374.3984
741.0934,401.3945
741.5755,434.4121
742.0576,479.2949
742.5397,532.8477
743.0219,582.3984
743.504,629.4629
743.9861,663.2891
744.4682,664.9414
744.9503,652.1172
745.4324,680.4746
745.9146,746.3086
746.3967,811.1348
746.8788,850.8105
747.3609,875.9395
747.843,893.2207
748.3251,902.5957
748.8073,908.4258
749.2894,915.8359
749.7715,919.0312
750.2536,915.1738
750.7357,905.9219
751.2178,881.2793
751.7,836.5254
752.1821,787.5195
752.6642,747.1094
753.1463,717.0566
753.6284,711.6914
754.1105,741.7227
754.5927,768.8242
755.0748,755.1738
755.5569,710.6582
756.039,650.8965
756.5211,551.8398
757.0032,472.0586
757.4854,440.8418
757.9675,440.8379
758.4496,428.8438
758.9317,395.7285
759.4138,364.5254
759.8959,337.0312
760.3781,316.6035
760.8602,316.0
761.3423,331.4551
761.8244,331.3691
762.3065,280.873
762.7886,215.9512
763.2708,176.0195
763.7529,161.2129
764.235,169.2871
764.7171,231.1426
765.1992,287.3984
765.6813,295.2832
766.1635,243.2676
766.6456,233.3906
767.1277,290.2988
767.6098,348.5859
768.0919,366.1055
768.574,343.377
769.0562,312.3672
769.5383,271.9512
770.0204,238.1641
770.5025,231.0879
770.9846,239.0312
771.4667,243.584
771.9489,241.5918
772.431,237.8359
772.9131,232.8691
773.3952,228.3672
773.8773,226.332
774.3594,237.5723
774.8416,232.8184
775.3237,199.8926
775.8058,163.5332
776.2879,163.5449
776.77,200.248
777.2521,224.9668
777.7343,226.1094
778.2164,215.4824
778.6985,208.5312
779.1806,202.7188
779.6627,191.9863
780.1448,150.8008
780.627,128.1328
781.1091,169.4863
781.5912,247.6348
782.0733,278.7285
782.5554,227.334
783.0375,177.4219
783.5197,142.5762
784.0018,124.0703
784.4839,135.8086
784.966,178.7285
785.4481,213.1211
785.9302,216.3965
786.4124,200.168
786.8945,178.7656
787.3766,153.7832
787.8587,133.3926
788.3408,127.2812
788.8229,123.1973
789.3051,107.7559
789.7872,78.76758
790.2693,86.04883
790.7514,163.4082
791.2335,223.9824
791.7156,205.584
792.1978,111.873
792.6799,90.85742
793.162,144.4727
793.6441,201.6719
794.1262,195.7891
794.6083,158.0645
795.0905,133.4023
795.5726,127.0645
796.0547,125.8828
796.5368,115.6445
797.0189,112.2891
797.501,132.6797
797.9832,198.5352
798.4653,230.2285
798.9474,212.4199
799.4295,184.5488
799.9116,195.1426
800.3937,239.9473
800.8759,250.0938
801.358,210.4258
801.8401,167.9434
802.3222,176.0801
802.8043,213.5449
803.2864,251.6914
803.7686,302.5098
804.2507,318.0801
804.7328,243.7871
805.2149,140.8008
805.697,95.54492
806.1791,135.8535
806.6613,165.8008
807.1434,173.1602
807.6255,166.5547
808.1076,152.207
808.5897,133.8047
809.0718,138.5527
809.554,191.4648
810.0361,241.6621
810.5182,230.3828
811.0003,181.3516
811.4824,141.0273
811.9645,118.4434
812.4467,114.5645
812.9288,148.0215
813.4109,197.5156
813.893,206.4863
814.3751,166.1836
814.8572,122.4004
815.3394,85.29492
815.8215,57.28711
816.3036,43.85352
816.7857,46.08789
817.2678,61.71289
817.7499,104.9863
818.2321,146.6934
818.7142,162.1484
819.1963,154.5859
819.6784,143.9102
820.1605,81.29492
820.6426,83.59375
821.1248,223.3516
821.6068,458.7598
822.0889,508.7188
822.571,356.5215
823.0532,208.3906
823.5353,167.8301
824.0174,207.7734
824.4995,328.0449
824.9816,503.3965
825.4637,595.498
825.9459,438.7402
826.428,256.8906
826.9101,181.1211
827.3922,224.6191
827.8743,231.3867
828.3564,179.3066
828.8386,130.3691
829.3207,117.3223
829.8028,134.0684
830.2849,132.6172
830.767,113.2246
831.2491,90.84766
831.7313,78.57617
832.2134,68.20508
832.6955,45.35352
833.1776,9.740234
833.6597,12.67969
834.1418,9.033203
834.624,8.185547
835.1061,38.59766
835.5882,85.81641
836.0703,94.50977
836.5524,54.20508
837.0345,18.21484
837.5167,36.66797
837.9988,89.47852
838.4809,114.5293
838.963,109.459
839.4451,100.6602
839.9272,102.7363
840.4094,111.2656
840.8915,123.4902
841.3736,139.6152
841.8557,156.332
842.3378,177.4395
842.8199,192.6934
843.3021,190.5957
843.7842,169.959
844.2663,175.1934
844.7484,210.6914
845.2305,233.2148
845.7126,183.4707
846.1948,104.8828
846.6769,51.60156
847.159,28.10547
847.6411,43.26758
848.1232,161.1582
848.6053,276.9395
849.0875,311.1836
849.5696,236.5332
850.0517,194.1816
850.5338,195.2461
851.0159,199.5469
851.498,153.5176
851.9802,80.23828
852.4623,69.31055
852.9444,134.2559
853.4265,193.5566
853.9086,170.1523
854.3907,119.4004
854.8729,88.35352
855.355,84.17578
855.8371,110.6699
856.3192,198.4668
856.8013,277.4766
857.2834,282.3789
857.7656,211.3457
858.2477,172.9766
858.7298,175.0684
859.2119,185.3906
859.694,179.7676
860.1761,161.2188
860.6583,120.1094
861.1404,42.09961
861.6225,18.43555
862.1046,160.2598
862.5867,313.166
863.0688,355.5137
863.551,249.1113
864.0331,182.6875
864.5152,162.5586
864.9973,159.1504
865.4794,147.9688
865.9615,130.5254
866.4437,109.4883
866.9258,84.29297
867.4079,67.33789
867.89,62.04688
868.3721,71.5957
868.8542,105.4648
869.3364,188.9961
869.8185,222.6211
870.3006,186.6641
870.7827,133.9121
871.2648,106.2461
871.7469,100.6992
872.2291,86.78711
872.7112,62.79492
873.1933,33.90039
873.6754,0.658203
874.1575,31.95898
874.6396,64.95898
875.1218,104.2598
875.6039,112.4473
876.086,53.06641
876.5681,15.51953
877.0502,60.95703
877.5323,79.95508
878.0145,101.3867
878.4966,125.2129
878.9787,149.5879
879.4608,182.3984
879.9429,210.9512
880.425,209.5996
880.9072,175.4277
881.3893,138.9277
881.8714,112.6074
882.3535,90.92773
882.8356,66.96289
883.3177,37.28516
883.7999,39.00391
884.282,84.51562
884.7641,123.752
885.2462,112.3984
885.7283,68.60352
886.2104,48.375
886.6926,52.26953
887.1747,61.0625
887.6568,70.10352
888.1389,72.5918
888.621,59.98438
889.1031,29.95312
889.5853,17.91016
890.0674,35.75977
890.5495,51.50977
891.0316,49.38281
891.5137,31.83203
891.9958,7.908203
892.478,21.10938
892.9601,36.16211
893.4422,7.279297
893.9243,27.73828
894.4064,28.23047
894.8885,2.953125
895.3707,15.33008
895.8528,9.201172
896.3349,49.48242
896.817,101.6738
897.2991,155.9512
897.7813,170.2383
898.2634,144.0312
898.7455,114.2598
899.2276,95.22266
899.7097,87.73828
900.1918,106.8477
900.674,141.7988
901.1561,151.8262
901.6382,100.4492
902.1203,46.86719
902.6024,4.199219
903.0845,25.89648
903.5667,35.69727
904.0488,28.8125
904.5309,3.583984
905.013,51.59961
905.4951,113.0273
905.9772,134.3379
906.4594,122.127
906.9415,103.9727
907.4236,92.13672
907.9057,80.87695
908.3878,63.1582
908.8699,45.35352
909.3521,43.89062
909.8342,66.70312
910.3163,70.06641
910.7984,35.3418
911.2805,3.085938
911.7626,7.974609
912.2448,60.81836
912.7269,142.0234
913.209,268.2773
913.6911,386.1895
914.1732,488.1035
914.6553,558.3789
915.1375,572.252
915.6196,502.5117
916.1017,452.5898
916.5838,435.9609
917.0659,427.2617
917.548,396.916
918.0302,348.6484
918.5123,279.1191
918.9944,176.3184
919.4765,94.16211
919.9586,78.72656
920.4407,92.83398
920.9229,101.8555
921.405,103.3789
921.8871,103.7188
922.3692,93.44336
922.8513,92.50391
923.3334,127.1348
923.8156,184.6621
924.2977,216.4863
924.7798,222.2598
925.2619,218.2031
925.744,217.1133
926.2261,210.793
926.7083,186.5977
927.1904,139.2949
927.6725,99.51758
928.1546,65.27344
928.6367,43.13672
929.1188,38.82617
929.601,50.44531
930.0831,74.10938
930.5652,107.377
931.0473,129.7793
931.5294,111.9258
932.0115,89.26172
932.4937,94.7832
932.9758,124.8379
933.4579,132.2793
933.94,102.7363
934.4221,84.125
934.9042,91.36914
935.3864,115.3887
935.8685,132.5957
936.3506,142.9316
936.8327,150.1875
937.3148,143.5
937.7969,145.6582
938.2791,195.0859
938.7612,263.8926
939.2433,284.1758
939.7254,208.5059
940.2075,153.4141
940.6896,138.5176
941.1718,147.0508
941.6539,151.6738
942.136,154.0449
942.6181,161.5625
943.1002,182.8145
943.5823,191.1348
944.0645,142.0293
944.5466,78.35742
945.0287,53.29688
945.5108,105.8574
945.9929,147.668
946.475,181.2363
946.9572,199.0977
947.4393,185.375
947.9214,148.1113
948.4035,125.4102
948.8856,120.8359
949.3677,127.5078
949.8499,152.1992
950.332,176.3555
950.8141,187.6816
951.2962,187.2734
951.7783,172.9863
952.2604,140.2344
952.7426,96.77734
953.2247,31.95312
953.7068,37.4043
954.1889,24.38867
954.671,60.82617
955.1531,132.543
955.6353,119.084
956.1174,89.90625
956.5995,92.67578
957.0816,123.7969
957.5637,144.5469
958.0458,152.3047
958.528,155.084
959.0101,158.8281
959.4922,155.127
959.9743,105.9727
960.4564,27.72656
960.9385,16.1582
961.4207,41.05273
961.9028,89.01172
962.3849,44.27148
962.867,40.52539
963.3491,75.76172
963.8312,47.82812
964.3134,4.634766
964.7955,90.61523
965.2776,167.5508
965.7597,158.082
966.2418,95.93164
966.7239,75.2793
967.2061,124.416
967.6882,158.8457
968.1703,105.5879
968.6524,35.38867
969.1345,5.867188
969.6166,27.56836
970.0988,56.24219
970.5809,94.51172
971.063,123.9434
971.5451,124.8066
972.0272,109.8223
972.5093,108.3848
972.9915,118.9199
973.4736,117.8516
973.9557,87.55664
974.4378,50.08984
974.9199,5.957031
975.402,37.45117
975.8842,38.83008
976.3663,7.199219
976.8484,47.7207
977.3305,65.7793
977.8126,62.80469
978.2947,15.42773
978.7769,49.24609
979.259,70.17969
979.7411,36.40039
980.2232,107.2109
980.7053,103.4512
981.1874,57.70117
981.6696,7.005859
982.1517,93.12695
982.6338,90.53125
983.1159,29.03906
983.598,161.8008
984.0801,206.9805
984.5623,203.9922
985.0444,197.5449
985.5265,197.291
986.0085,181.0977
986.4907,132.4766
986.9728,89.61719
987.4549,81.02344
987.937,102.9453
988.4191,109.3496
988.9012,100.7988
989.3834,93.56836
989.8655,112.1738
990.3476,125.0605
990.8297,103.752
991.3118,53.07422
991.7939,6.152344
992.2761,46.65625
992.7582,67.73828
993.2403,39.05273
993.7224,17.08594
994.2045,55.31055
994.6866,79.04883
995.1688,97.76172
995.6509,110.209
996.133,125.9629
996.6151,161.5469
997.0972,196.9316
997.5793,206.998
998.0615,185.1406
998.5436,156.4316
999.0257,118.5215
999.5078,85.66992
999.9899,65.69336
1000.472,62.75977
1000.954,92.74219
1001.436,156.7793
1001.918,213.4551
1002.401,223.0918
1002.883,244.7148
1003.365,324.8301
1003.847,449.3945
1004.329,464.7422
1004.811,369.2344
1005.293,265.541
1005.775,192.873
1006.257,149.7129
1006.74,149.5039
1007.222,176.9102
1007.704,193.75
1008.186,187.9258
1008.668,170.6602
1009.15,129.9375
1009.632,95.09766
1010.114,130.3535
1010.596,217.9121
1011.079,251.6035
1011.561,199.3418
1012.043,142.7441
1012.525,150.6016
1013.007,174.293
1013.489,158.3359
1013.971,71.85352
1014.453,100.752
1014.936,279.7383
1015.418,462.0215
1015.9,548.8203
1016.382,569.6504
1016.864,597.8809
1017.346,625.8945
1017.828,610.8418
1018.31,489.1035
1018.792,366.4609
1019.275,281.9336
1019.757,228.5527
1020.239,198.3438
1020.721,188.4863
1021.203,190.8828
1021.685,207.2773
1022.167,240.3105
1022.649,336.8027
1023.132,429.0723
1023.614,410.0859
1024.096,161.3906
1024.578,31.53125
1025.06,94.76367
1025.542,196.9629
1026.024,220.7012
1026.506,177.8809
1026.989,134.7246
1027.471,94.57227
1027.953,72.88086
1028.435,90.58203
1028.917,119.832
1029.399,145.125
1029.881,166.123
1030.363,183.5645
1030.845,193.3262
1031.328,218.6387
1031.81,276.9824
1032.292,334.3789
1032.774,321.5645
1033.256,267.4707
1033.738,237.8711
1034.22,276.9141
1034.702,298.8691
1035.184,269.1152
1035.667,230.3008
1036.149,218.9805
1036.631,233.1504
1037.113,236.8047
1037.595,233.2793
1038.077,223.8281
1038.559,197.4844
1039.041,178.3262
1039.524,195.0352
1040.006,240.9531
1040.488,268.1484
1040.97,282.7012
1041.452,261.5176
1041.934,177.3613
1042.416,81.58203
1042.898,96.19531
1043.38,183.9316
1043.863,241.4004
1044.345,211.5312
1044.827,188.5
1045.309,236.1641
1045.791,287.8184
1046.273,272.6094
1046.755,180.332
1047.237,129.4941
1047.719,125.8027
1048.202,137.582
1048.684,146.2715
1049.166,152.127
1049.648,149.9922
1050.13,139.9766
1050.612,146.0293
1051.094,181.793
1051.576,219.5527
1052.059,260.6211
1052.541,287.4863
1053.023,239.5605
1053.505,141.6543
1053.987,71.66016
1054.469,55.90625
1054.951,71.12109
1055.433,146.0723
1055.916,220.1816
1056.398,226.0742
1056.88,143.5859
1057.362,116.832
1057.844,150.5391
1058.326,204.4746
1058.808,272.1191
1059.29,324.5508
1059.772,313.0684
1060.255,245.4414
1060.737,210.5605
1061.219,244.4316
1061.701,270.2305
1062.183,270.8223
1062.665,250.918
1063.147,203.1367
1063.629,142.1934
1064.111,118.4766
1064.594,156.2031
1065.076,206.5
1065.558,277.7559
1066.04,325.0664
1066.522,303.9082
1067.004,200.2812
1067.486,126.6816
1067.968,82.83398
1068.45,70.06055
1068.933,100.3184
1069.415,154.1309
1069.897,227.5215
1070.379,310.1504
1070.861,355.4434
1071.343,347.2109
1071.825,317.6055
1072.307,262.8691
1072.79,205.4062
1073.272,181.9023
1073.754,187.0371
1074.236,214.1367
1074.718,272.3105
1075.2,305.8574
1075.682,254.2344
1076.164,197.8418
1076.646,185.6777
1077.129,217.3125
1077.611,291.5391
1078.093,408.7852
1078.575,479.4648
1079.057,405.332
1079.539,298.7344
1080.021,249.957
1080.503,246.582
1080.985,256.5996
1081.468,289.5645
1081.95,304.1348
1082.432,294.1602
1082.914,270.584
1083.396,239.5234
1083.878,207.5293
1084.36,189.6367
1084.842,189.1074
1085.325,185.8223
1085.807,167.9531
1086.289,149.7148
1086.771,134.2598
1087.253,123.2578
1087.735,129.084
1088.217,149.4609
1088.699,169.3633
1089.182,181.5508
1089.664,191.9492
1090.146,206.1875
1090.628,219.873
1091.11,230.5215
1091.592,248.5684
1092.074,213.4258
1092.556,110.4648
1093.038,24.63281
1093.521,60.10156
1094.003,144.375
1094.485,178.0273
1094.967,158.9512
1095.449,151.8535
1095.931,184.291
1096.413,206.3066
1096.895,200.4395
1097.377,183.584
1097.86,206.1426
1098.342,248.9688
1098.824,243.8652
1099.306,154.1602
1099.788,74.25
1100.27,31.07812
1100.752,32.25391
1101.234,97.43164
1101.717,229.8574
1102.199,281.0488
1102.681,252.3984
1103.163,208.5527
1103.645,175.0762
1104.127,158.1641
1104.609,178.8027
1105.091,219.1348
1105.573,230.3281
1106.056,198.9766
1106.538,174.4102
1107.02,162.5449
1107.502,159.4434
1107.984,151.4414
1108.466,153.0312
1108.948,198.7422
1109.43,295.7363
1109.912,359.2637
1110.395,359.5371
1110.877,343.9805
1111.359,319.8359
1111.841,288.7754
1112.323,259.4453
1112.805,233.4922
1113.287,232.2793
1113.769,285.1719
1114.252,320.2949
1114.734,272.291
1115.216,216.0742
1115.698,236.3535
1116.18,344.4414
1116.662,372.2832
1117.144,318.1074
1117.626,248.5254
1118.109,187.9062
1118.591,152.2559
1119.073,174.9199
1119.555,235.709
1120.037,259.2285
1120.519,239.8789
1121.001,189.8691
1121.483,97.18359
1121.965,21.26367
1122.448,59.05664
1122.93,152.8359
1123.412,223.375
1123.894,258.6621
1124.376,269.6543
1124.858,248.2754
1125.34,223.9863
1125.822,207.3652
1126.304,197.918
1126.787,192.8906
1127.269,193.8047
1127.751,206.7422
1128.233,255.1367
1128.715,281.75
1129.197,247.1953
1129.679,204.0645
1130.161,204.0059
1130.644,243.2852
1131.126,247.0098
1131.608,214.6992
1132.09,183.9629
1132.572,168.7656
1133.054,173.0254
1133.536,217.4297
1134.018,280.0781
1134.5,302.6699
1134.983,280.9668
1135.465,255.4512
1135.947,231.1992
1136.429,214.4844
1136.911,224.6992
1137.393,237.5723
1137.875,223.8789
1138.357,176.0996
1138.839,144.3359
1139.322,125.1621
1139.804,138.5898
1140.286,219.7051
1140.768,306.7539
1141.25,280.2969
1141.732,185.0586
1142.214,103.9941
1142.696,60.91797
1143.179,46.06641
1143.661,74.99023
1144.143,100.1133
1144.625,61.48438
1145.107,10.23438
1145.589,5.96875
1146.071,64.79688
1146.553,134.6211
1147.036,183.4277
1147.518,211.6973
1148.0,213.5996
1148.482,200.3047
1148.964,195.834
1149.446,195.0488
1149.928,155.5332
1150.41,68.17773
1150.892,8.757813
1151.375,52.96875
1151.857,56.5332
1152.339,9.550781
1152.821,122.834
1153.303,164.0234
1153.785,134.2402
1154.267,105.6758
1154.749,104.1113
1155.231,110.4355
1155.714,104.2637
1156.196,94.98242
1156.678,90.2207
1157.16,84.88672
1157.642,120.4492
1158.124,204.8262
1158.606,267.8926
1159.088,255.8223
1159.571,205.1895
1160.053,133.5859
1160.535,58.82812
1161.017,27.62109
1161.499,71.0957
1161.981,99.20898
1162.463,102.7031
1162.945,102.0645
1163.427,128.8379
1163.91,160.5078
1164.392,157.291
1164.874,120.1035
1165.356,85.12695
1165.838,61.33789
1166.32,41.57031
1166.802,28.85742
1167.284,12.65625
1167.766,43.40234
1168.249,114.707
1168.731,147.334
1169.213,126.7734
1169.695,81.98242
1170.177,24.64844
1170.659,98.70898
1171.141,78.50391
1171.623,0.296875
1172.106,11.60352
1172.588,28.66211
1173.07,57.38867
1173.552,38.26562
1174.034,29.39453
1174.516,70.40625
1174.998,111.666
1175.48,105.9707
1175.963,57.16992
1176.445,62.93555
1176.927,118.0879
1177.409,157.6621
1177.891,115.7363
1178.373,75.56836
1178.855,94.83008
1179.337,135.2246
1179.819,133.9297
1180.302,90.03125
1180.784,75.88086
1181.266,102.6055
1181.748,135.123
1182.23,143.7031
1182.712,149.9941
1183.194,179.3379
1183.676,219.7441
1184.158,218.7891
1184.641,172.8965
1185.123,130.7344
1185.605,99.06836
1186.087,97.53125
1186.569,186.0469
1187.051,290.3438
1187.533,325.7695
1188.015,281.9883
1188.498,262.2715
1188.98,268.2441
1189.462,285.6504
1189.944,317.6562
1190.426,342.0391
1190.908,329.5234
1191.39,293.9531
1191.872,254.4746
1192.354,212.9375
1192.837,168.6973
1193.319,116.3789
1193.801,89.07031
1194.283,143.9316
1194.765,214.0039
1195.247,182.7734
1195.729,95.5332
1196.211,77.85352
1196.693,218.3652
1197.176,263.5059
1197.658,177.4727
1198.14,60.91797
1198.622,7.861328
1199.104,30.81836
1199.586,14.2207
1200.068,113.1172
1200.55,161.4023
1201.033,102.9844
1201.515,76.25391
1201.997,114.3242
1202.479,173.6699
1202.961,203.5137
1203.443,205.7676
1203.925,172.6406
1204.407,100.6719
1204.89,60.82812
1205.372,80.29492
1205.854,98.51172
1206.336,91.03125
1206.818,78.79883
1207.3,113.5801
1207.782,171.4863
1208.264,202.3633
1208.746,186.2246
1209.229,168.4805
1209.711,153.3281
1210.193,149.793
1210.675,171.3535
1211.157,197.834
1211.639,162.4609
1212.121,89.6582
1212.603,47.09766
1213.085,82.17578
1213.568,110.3125
1214.05,117.8867
1214.532,124.6953
1215.014,157.3105
1215.496,199.6074
1215.978,190.1465
1216.46,141.4727
1216.942,108.2578
1217.425,135.3672
1217.907,145.5957
1218.389,114.4336
1218.871,81.54883
1219.353,102.8516
1219.835,157.0762
1220.317,184.7129
1220.799,184.1172
1221.281,178.7383
1221.764,188.0312
1222.246,176.2422
1222.728,120.6855
1223.21,63.06836
1223.692,92.64453
1224.174,171.8242
1224.656,186.6348
1225.138,117.6211
1225.62,78.33203
1226.103,173.7188
1226.585,219.332
1227.067,141.1152
1227.549,10.22852
1228.031,12.69141
1228.513,35.83008
1228.995,73.30664
1229.477,81.58789
1229.96,75.66211
1230.442,66.03125
1230.924,35.72656
1231.406,39.78516
1231.888,127.6602
1232.37,123.8516
1232.852,54.44727
1233.334,10.34961
1233.816,50.03711
1234.299,76.38281
1234.781,86.30859
1235.263,93.86523
1235.745,114.8027
1236.227,136.3105
1236.709,99.36719
1237.191,25.70117
1237.673,14.6582
1238.156,38.00586
1238.638,75.30664
1239.12,75.75
1239.602,70.86133
1240.084,73.42383
1240.566,95.60547
1241.048,223.1309
1241.53,413.5605
1242.012,484.4922
1242.495,206.4668
1242.977,35.625
1243.459,64.03711
1243.941,159.2441
1244.423,169.4199
1244.905,140.5586
1245.387,168.9941
1245.869,248.668
1246.351,283.5898
1246.834,188.1113
1247.316,128.1055
1247.798,134.377
1248.28,174.7246
1248.762,222.6074
1249.244,264.9199
1249.726,272.8047
1250.208,241.8281
1250.691,233.3145
1251.173,300.7422
1251.655,350.6699
1252.137,355.0977
1252.619,336.0781
1253.101,315.373
1253.583,294.1406
1254.065,280.2207
1254.547,274.3086
1255.03,274.4961
1255.512,282.5078
1255.994,288.0645
1256.476,288.8242
1256.958,285.3828
1257.44,264.7051
1257.922,246.041
1258.404,259.9219
1258.886,332.1113
1259.369,319.7695
1259.851,194.0
1260.333,92.98047
1260.815,84.60547
1261.297,124.2324
1261.779,158.2168
1262.261,189.416
1262.743,222.2266
1263.226,271.4414
1263.708,285.1758
1264.19,256.9219
1264.672,229.6484
1265.154,206.4531
1265.636,207.0898
1266.118,252.5078
1266.6,303.2266
1267.083,274.0312
1267.565,168.6641
1268.047,98.80469
1268.529,45.44922
1269.011,23.84375
1269.493,70.12109
1269.975,115.9375
1270.457,145.3047
1270.939,150.8047
1271.422,130.2969
1271.904,82.39844
1272.386,52.57031
1272.868,34.45312
1273.35,48.49219
1273.832,115.6602
1274.314,186.3789
1274.796,227.9844
1275.278,246.4023
1275.761,244.3477
1276.243,220.9844
1276.725,199.9609
1277.207,183.7422
1277.689,163.0508
1278.171,116.8086
1278.653,84.07422
1279.135,91.375
1279.618,116.1562
1280.1,122.1055
1280.582,114.418
1281.064,108.7383
1281.546,101.0977
1282.028,91.22266
1282.51,51.77344
1282.992,37.89844
1283.474,76.79688
1283.957,131.3906
1284.439,122.1562
1284.921,77.12891
1285.403,77.44922
1285.885,138.6836
1286.367,198.8086
1286.849,238.8867
1287.331,243.1836
1287.813,198.8398
1288.296,143.9453
1288.778,122.9062
1289.26,124.3008
1289.742,138.4297
1290.224,164.6016
1290.706,156.3047
1291.188,99.58984
1291.67,46.52344
1292.153,7.132813
1292.635,5.898438
1293.117,84.19922
1293.599,193.7383
1294.081,193.8789
1294.563,44.80078
1295.045,0.492188
1295.527,77.44922
1296.01,140.1016
1296.492,129.5859
1296.974,100.0469
1297.456,103.9102
1297.938,133.6445
1298.42,141.7422
1298.902,122.8633
1299.384,85.20312
1299.866,25.50781
1300.349,1.070313
1300.831,49.37891
1301.313,58.77734
1301.795,0.0
1500.0,0.0
